1,
1,
2.1567,
0.447066,
4.46737,
-0.000216116,
3.28031,
0.121529,
5.66373,
0.143953,
-9.63549,
-0.29454,
-3.89408,
-0.258981,
10.2129,
0.332186,
2.5629,
0.303296,
-0.00233433,
1.06061,
-10.757,
-0.541456,
-5.10918,
-0.365762,
4.94996,
-0.00483395,
-10.6511,
-0.448645,
-7.47892,
-0.216733,
10.7401,
0.297577,
-11.5356,
-0.506901,
-1.80313,
0.35565,
7.26722,
0.454078,
-6.05479,
-0.272456,
3.59951,
0.00957197,
-2.36449,
0.323347,
7.70502,
0.414729,
-15.0944,
-0.58175,
-11.6444,
-0.466548,
14.6788,
0.488895,
7.69897,
0.458073,
0.775469,
0.934405,
-4.15176,
-0.32204,
10.1859,
0.271739,
-10.012,
-0.384255,
2.74705,
0.218092,
14.8003,
0.637077,
-5.87149,
-0.238478,
14.0104,
0.617178,
15.1258,
0.676281,
-9.90421,
-0.391805,
1.83724,
0.682894,
-11.3098,
-0.535826,
7.04313,
0.334136,
11.4405,
0.389159,
-4.86786,
-0.466961,
-9.01263,
-0.345451,
-9.81572,
-0.451005,
3.84576,
-0.0400051,
-14.0986,
-0.500827,
1.71634,
0.618277,
-4.97252,
-0.451614,
7.65544,
0.475813,
6.03184,
0.20698,
0.854686,
0.948752,
14.0839,
0.722502,
-12.362,
-0.426677,
10.7644,
0.33232,
7.8091,
0.41318,
12.1726,
0.438028,
5.33449,
0.0930108,
-11.6424,
-0.511924,
14.8022,
0.664771,
-12.6481,
-0.551619,
13.497,
0.646347,
14.7165,
0.596155,
-14.4799,
-0.500479,
9.96223,
0.377193,
-8.16143,
-0.227995,
12.5018,
0.558364,
7.8462,
0.451433,
14.0715,
0.582068,
2.47248,
0.462832,
-10.8269,
-0.618645,
4.11792,
-0.0247291,
-3.11672,
-0.034311,
-8.28103,
-0.313948,
-13.946,
-0.530126,
0.913465,
0.86633,
-3.89917,
-0.326593,
5.43387,
0.154965,
-7.40698,
-0.139809,
-14.9809,
-0.551889,
1.49062,
0.763326,
8.60769,
0.3518,
3.13013,
0.0496044,
5.71275,
0.108326,
-7.74677,
-0.2457,
1.26756,
0.802492,
9.41498,
0.363699,
-1.07824,
0.758112,
-4.09055,
-0.353172,
14.9944,
0.584113,
13.9841,
0.597467,
15.3825,
0.672598,
-8.46581,
-0.229767,
11.8065,
0.427819,
9.13691,
0.337989,
13.6811,
0.645121,
5.01731,
0.0462045,
-4.55904,
-0.416829,
-1.12691,
0.787319,
-12.8252,
-0.46906,
-6.83861,
-0.217133,
3.54598,
0.0106685,
-8.87066,
-0.27692,
-6.18416,
-0.201426,
-10.8642,
-0.529716,
-3.45868,
-0.182843,
5.52213,
0.0770033,
0.496369,
0.973184,
3.17439,
0.137982,
-3.28498,
-0.213045,
-8.15902,
-0.186131,
4.99639,
-0.00452209,
-2.20086,
0.300054,
-1.30615,
0.630369,
-12.9591,
-0.462182,
0.700534,
0.962585,
-7.62309,
-0.1772,
-6.83989,
-0.27897,
11.0888,
0.347695,
7.36239,
0.392109,
13.257,
0.581777,
0.222386,
1.04274,
3.59931,
0.0719405,
-1.45183,
0.639505,
-12.7939,
-0.413599,
-13.9814,
-0.569575,
-1.28453,
0.715582,
-1.13096,
0.858778,
9.12851,
0.468808,
13.1692,
0.577777,
11.4467,
0.376821,
-8.44157,
-0.213741,
14.1702,
0.693796,
-13.3732,
-0.594132,
-5.45961,
-0.362465,
-4.26013,
-0.356162,
12.0572,
0.439832,
-13.1215,
-0.561004,
-0.513246,
1.0273,
13.2746,
0.534032,
-11.7031,
-0.421073,
13.3868,
0.633371,
-1.27958,
0.719877,
-2.10402,
0.348805,
-7.35463,
-0.15845,
5.64271,
0.0271874,
15.2877,
0.697783,
4.16065,
0.00845524,
2.12164,
0.523834,
8.5104,
0.449416,
13.4842,
0.651094,
-10.3654,
-0.491492,
